5.538
5.534
5.531
5.557
5.583
5.610
5.636
5.662
5.720
5.778
5.836
5.894
5.952
6.040
6.129
6.217
6.306
6.394
6.513
6.632
6.751
6.870
6.989
7.135
7.281
7.428
7.574
7.720
7.880
8.039
8.199
8.358
8.518
8.681
8.845
9.008
9.172
9.335
9.503
9.670
9.838
10.005
10.173
10.338
10.502
10.667
10.831
10.996
11.157
11.318
11.478
11.639
11.800
11.953
12.106
12.259
12.412
12.565
12.710
12.854
12.999
13.143
13.288
13.417
13.546
13.675
13.804
13.933
14.037
14.141
14.245
14.349
14.453
14.531
14.608
14.686
14.763
14.841
14.919
14.996
