23.672
22.614
21.556
20.755
19.954
19.152
18.351
17.550
16.961
16.373
15.784
15.196
14.607
14.158
13.709
13.261
12.812
12.363
12.016
11.668
11.321
10.973
10.626
10.351
10.076
9.802
9.527
9.252
9.027
8.802
8.577
8.352
8.127
7.940
7.754
7.567
7.381
7.194
7.040
6.886
6.731
6.577
6.423
6.290
6.157
6.024
5.891
5.758
5.668
5.578
5.488
5.398
5.308
5.229
5.149
5.070
4.990
4.911
4.842
4.773
4.704
4.635
4.566
4.504
4.442
4.379
4.317
4.255
4.198
4.141
4.085
4.028
3.971
3.919
3.867
3.814
3.762
3.710
3.658
3.606
